1110100116.

274477, 280, 281, 283- 289,
664, 366, 307 311, 613.
F6papi hagyat6k0k1, 85,103,104,
-210401111601101011100103, 114-’118,
311111100101104,82,130,140,179,
111,100,100,111,111,011
1110ος011110 1010001 10100101 01101
111111111 151,110.
31011011 Ηο0111 0011101101 1111ορ61
’ 3111111021111110111111.
31116001000111 pr6post 33.

(10101101116111Π. ’
(10100111231.χ
001601163,164,166,167.
0001101111 11111111 130, 191.

001011 1110116 01110111 11111001 1010-
010101οθ1 63, 70.

- Ρο101001101 69.
001001100110711. 155, 268, XIII.
233. ,,

—— 01000111 1111111611 11.

-010100011001111 1101111100, 0111101
11111061 XVI. ,

- pannonhalmi 11000101 61.

- 101161 11100011 XI.

00100160 1111101001 118-121, 134 —-
139.

01010110 151.

(1101110011 10001 01110111 11110061
289.

01001293,

00111 piisp6ks6g 252.

00101001 Cosmus 232.

0011111. 01110111.

Gy6rgy pannonhalmi 11000101 61.
- 1011010101 p60p6k 14, 15.

01611 11111ρὸ110035, 90, 93, 106-108, 1

111, 160, 256, 291, 305, 328, 329,

331, 332,Ρ1111161ὂ1 10001100,

1)οΙ1100 30101101, 111011011οο

016111,Κο10111011 Agost 132,

170,193, 194, 200, 205, 216, 229,

247, 303, 011, 010. 11011111.

Μο111011 Ι11100. 011000001011.

3010161 Το1010, 01111 111100.

. Κο00001011.Βο1011, 0011100111οἰ
101011, Demeter.

(11010283.

- 1111101)1 1010601100 186.

- 11οΡ0 11. VIII-X. 16, 80, 238.
111 00,173,130,232 131,151

352

010010001101· 145, 181, 183, 268,
110,110,000,100,101. v

Haberstook 135.

Eademarszky 10001 1011011001 piis·
p6k 011-015

Hagyat6k0k 1. F6papi.

Harrach 1111101001 197.

Ηο111101111000101101 96, 138.

Ηο11001Μο0111011 88, 89,

- pre'posts6g 88, 09,

Η10101110,110,110-100

Ἠ0101101100 (61101οη60161) Ρο101

190.

’ Ηο0111 IV. ango] 11101)1 231.

Ηο0111 ΠΙ. 1100011011101)1 140.

- 110011 01111161 23, 24.

Ηο101011101001 10100101 01001 40.

11001ος01100 305.

Ηο10110011 Ρο101 10101 11611161 119.

Ηο110100, 3011010 110101ος0 54

H6derv6ry 1100116 0000001101 101 16
01101 V.

ψΙ161100100601·ΙΙ. V.

Η111Ῑ1100111Κο1001 190, 191.

Ηο001101 110110 ΙΠ. 271.

Ηο11101101 l. 3011101.

Hunyadi 51001 1011000116 II, 111,
V.28,30,31,36,38. “

111101 01111101 11011001 111ορ001, 11.·
1011010001, 0110111011ρὸ11 287.

110010 239

Imeriai piisp6k 1. Boncarpi Jakab.

11001101 235. ·

Ι1010 10101 apat 61.

India 288.
1001101101 1600111011 204, 2290-231,
133,155ι-151,150,105,100
10010 110110 ΠΙ. 232, 269, 210, 272,
277, 289. VII. 11. VIII. 46. X.
220,235,230,250,201,205,293
200,200

101100 11010101 111111 230.

κ 011011 6601110101, 11011 1111111011 11.

11. Ι11100 111011 3, 93, 117, 136,
131,100,141,104,110,111,110
103,100,101,100,004,100,110
113, 115, 220, 223, 227-233
233, 230, 237, 240, 235-252
230,232-205. .

111100 0111101 0110161000001 XII.

—- zagrabi p62p6k 121.

1111106)1 1111101 213, 266, 270, 289.

1010100101ἰο 1610601001 84, 85,100,

Ι150--1511,100,111--115.

 

