2122220220. ·

Δ220221 010622οο 181.

20201222 VIII.

2021, 2 2222201 egyh3zmegye 20221-
2120220222. 17.

1102202222 298.

21022022212220222 250, 251.

2122202 Idam 22222222121122612 321.

202121022222 222.

2021122 175.

21222022 gy6ri 21122612 35.

Albani bibornok 333, 340.

1110220, 2122220212 22 602212 02222222,
222222212212 20, 212.

21Ιο21216 2222222221 222212 278.

,210602220121010022012 192. γ

2122121 21122612 205, 207.

11101222 01022261222221 21122612 321-

2222022122 1. 22202112.

Anam 22122 222222022 zeugi 21122612ι

222222.
7· 22. 5222226122222200 2222222201
2222220, 22221 21122612 23, 24, 40.
- 002222ο21121 2022612 05.
22. 2120222261 22222200 0222222 2220·
222 55, 56.
222212222222022 124.
‚Anglia 180, 222, 222, 222. ,
2122221212022612222 196, 197, 205,
222, 222.
22012201212202122122 239.
21222221 21122612 208
Ap3ozafalva 57.
21220222οο 22 22206122 22. Α20222
261 22222200, 02022221, 0212622-
0211, 02121, 020021, (11122621, 22.-
12001, 12222222222220221, 122222·
22121,ιιιο20222221261,222222021221,
2222222201, 2220222201, 0222212221,
tereskei, 02021, 0102221, 021121.
Apostoli czim 170-183, 330, 337.
2122222121 52222 222 02222221 222212-
212222222252. ¹

Arbei 21122012 205, 200, 305.
22201201 0100222612,2112220101222333.
21222261 egyh3zmegye 33.

22202112 2220, 12212222122202222221
222212 228, 220, 298.

2222202120, 18-20, 40, 96,98, 176,
179, 182, 191, 212, 223, 233, 274,
315, 310.

Avignon5.

2262152262 191.

212212 175. ·

22221121 01οο22212 255, 263.

3201221 2261 2112222221122 320.Ι
8212622 0222222 enztergomi 222212, kir.

0222221122, 010222οο 75,117,213.
Β212122Ρ2022222222210222112062307-
82000202112220222 92. 222οε 1220 ἱ
8220212οἑ519 0222222 gy6ri 6rkanon0k,

zalav3ri 2222620, 0226222121 2220,

22222221 2222220, 02222121 21122612
8211002- 21262022 1222222212 94.
-122222222222202212220 61. ¹
8202οι22201 21122612 187.
Β2162οΜ11216222222212222020 XXIII.
82222221 2120222 88, 89.

,822022121010222212 196.
⁴ Barii 222212 128.

Rarius 0110162122τί 2222220, alkan-
2221122, 22221 2022612 40.

Batonius 187, 220, 230, 256, 258,
285, 288, 298

82222001 521222 0210221221, 2222212112-
222 222-222.

Basta Gy3rgy 269, 276.

8200212220 21110212

8200022221 0212228212 Ι.

- 22610222221122 328, 333.Ι

82221 2222220 l 8212212221 Τ22222.

82221 21122612 206.

23*

 

