1 nom 111. 1111111111 1111111111. m

1472. 1111111111 2311111 1111111111 11111111
1111111111 11111111, 1111111111111 1111111111 1111111
1111111111 111111 11161 1111111111 11 1111111111 11
1111 1 111111 ellen6k 111111111111111111111111111111
161111111611) , - -

1471111611· 26 -11111 1111111 1111111 1111111111

1111111111 11111111111111111 megiitk6z6s6t 11111111 1
111111 1111, 111111 111111 01111111111111161111
11118.Κο1111 11111 11111111 1111111111· 111-
hagy6ssal 111111111111 11111111111111111111 11111-
111111 pr6posts6got 111111 11111111111. 1111111111
1111111111111111111111111111111111 ›Ellenkez6
1111111111 rendeletiink' es Joga'ink megvet6s6n 6r61'1k7
1111111111 Ι111111111111111311 111111111111111 11
11 111 alattval6ink 111111 engedelmeskedj 1111 2)

147 7 111. 911 1 11111111 1111111111 1111111111 hogy
1111111 111111111111111111 111111111 1111111111111 ⁴
1111111111 1111111111 1111111, 11111111111111 mu·
111111111111111111111111111111111111111111111·
111111 11111111, 11 111111, 1 kik 111111111111111111
11111111111 vagy 11111111111 11111 111111111111-
1111111111 111111111111111111,1111 1 1111111 11111111
111111 11111111. 3) ,
¹ 14131111 1 1111111 11111111, 111111 1111111 piis-
p6k66get 111 11 611 1111111111 11311111111111
111111 1111111116 egyha'6 1111111, 11111 1 11111,
1111111111 11111 1111111111 1111111111 1111111

⁸»)Oum lzladensetddpert

11111111 (1111 q 1111111111 1111111111111111
11111111111111οη11111111111111111111111111 ..1111111111
2111111111 0111111111. Π. 596.

¹) 1111111111 11 11111111 1111111111.

Ι) 1111111 Sion. IV. 861.

 

