356

265ψ211, 266, 266, 266, 261, 642,
345.

Erdelyi pfispiikseg 70, 124, ‘164, 166,
166, 240, 256, 264, 266, 206-217,
266, 261, 305,“317. 1116116161 1.
Boeskay 11111166, 86111611116626161,
861111 16111111, 86165 1166216, (6662-
161111 161166, 111166 61111166, 111616,
1111111611 Demeter, Ρ61, 8111116111
16111111, 8266166616661 1611611,
8261111γὸ1111 16161162, 16126
Zsigmond, 1611121 1616662 114,
165, 266, 265, 216, 265, 261, 300.
1161116166 72, 73. Kanonok: l.
Zeremlenyi Ferenez.

11116111 (161161 ,6621611666 111611661,

Α egri 1661116161 315-320,

, 11161166 16161162 26116111 1116111661,
1166211161,666211161111111161161(155,234.

1111166211611616261,Υ 123, 135,136, 138.

11126611611111611116 10-19.

116616666166 61661611ε barii, 116661,
6611661, 6661666611, 6621611666,
16166661, 1661116661, 6666666161,
11611661, raguzai, 661666161, ,611616-
161,,11166661661661, 26161.

11626111 1666161661. 1611611.

162161 Η111116111 esztergomi 616611,
egri 1111611611, 1111161661( 54, 86,

. 164, 166, 166.

1621611621 95.

116216116ῐηὶ 61661661 IX. 53, 54,
66—101, 101, 121, 122,124,156,

157—160, 166, 166, 205, 206,¹

212-214, 226, 256, 261, 211, 261,
298, 305. 11661161 1. 6161166161
16666, 66211111, 1611662 16111116,
1162161 Hippolyt, 1616111611 1111611,
1611661116161162, Κ616621611Α11661,
Κ611611166 1111161, Κ6166611 161166,
Ι01611 Μ111166, 1621116111 16161,
8611661166, 8261111611 (11161111, 8261-
11611 1116216, 826661 1161166, 8261611-
6661111 Gy5rgy, 11111161 161, Veran-
66166 611161. 35, 94, 105, 106109,
110,113, 141,143, 144, 146—146,
152-154, 162, 166, 266, 261, 203.
215, 216, 216, 216, 246, 246, 255,
260, 266, 211, 272, 215, 276, 276,
264, 265, 266,· 603, 332, 642.
Prepostseg 61. 1161166161 1.
11111611)1 861161, Κ6166611 161166,
866111611611 Agost, Telegdy 161166.
11111161 166616166611 1. 06616111
161166, Κ61611 611161.
1621611661-6211611 6111621111. 57.

11661261116.

Fabiani Benedek 26.

1651166637.

11111661 256, 266, 266, 201.

1661116 1611611 203.

- 16161 203.

1611111307.

Fegyverneki 16161162 6661111 pre-
1166182.

16661161661116 229.

1616111661 1611611 1111. 1161116116,
1662111611ιὶ, 11111161 1111611611, 662161·
1616161661 128, 211.

1611616 11161 6116666261161 345.

16111111161161 177. .

1610166611 Ι. 95-102, 156, 179, 198,
212, 2111266266, 261, 271, 276, .
26611. 161, 166, 166, 111, 112,
207. 111. 174—177, 165,161,217,
223..

161·111661111,8161116 1111211653.

161611621611611, 666261611111611611 235,

- 1111111661, 11116111 11114111· 86.

1616662616661611 185, 273.

16116161-1161626166111 54. He1·07,6g·
XVI. Kanonok 1. 8111161 81161116.

11111111611661611116111 6166116661 hely·
111511312-314, ¹

F101·enez 17, 22.

Foreggiazzi bibornok 304, 341. ,

. 1611111611 16161162 6662116161 1111611611,

,6621611611ιὶ 616611, 1111161661( 129, .
,150 211.
16116111 16166111, 1111611611) 62616611
1161611666. 6) Κ6111616111 1161662166.
111, 1111, 24, 166, 216, 2321616111
6166611222, 20, 40, 53, 54,
66, 70, 107, 166, 112. Kir51y1'
kineveze's. 76, 77, 106, 116-124,
126-133, 140442, ,144-146,
146, 146, 153-155, 166, 110,
173—-175, 164-161, 163—.166,
‘202, 206, 205-211, 215ff226,
231-265, 236—244, 240, 247,
246, 252, 253-260, 276-261',
263-265, 267, 266, 262, 266,
664, 311, 314ss317, 316, 330,
333, 334. 161121 1116616266. 142,
3425. 16161166161661166 2, 77,
65, 66, 102, 106, 111, 116-
121,125-121, 130-132, 135-
142, 140, 153, 1111111112,
115, 164, 165, 162, 164, 166,
161, 166, 166, 202, 203, 206,
211, 217, 218÷-221, 224, 226226,
261, 232, 256-241, 243, 246, 241,
246, 253, 254, 257, 260, 264-266,

 

