11391191110.

119193 9131131· 1111011,(9311) 6, 7, 170.
213,11. 92, 35, 230, 231.

11390199910139111. 01119919 Gyula.

1131910111 2311131 50, 205, 344.

Laura 031193 232.

Laurentius 131193 03.

11393112 81.

Laxenburg 347.

, 119231390113, 3 32919319091931132.
11111103 1101119139 1991193113 20.
32110321091311311111011 3, 250, 257,

231, (13119111) 11. v. 31, 39-41.
1103210 23113111 1111311011, 13199331 01-
3911 XIII.

Lelke‘szi 1111112131· 323-332, 337-’

341.
11919321111011931301270. Ρ1011931 0.
1991191913201 20, 23, 112, 210, 200.
1133191911. 93, 92, 93, 139, 131.
11931931 1111311011 1. 1111311931.
119319 12193211 coadjutor 315.
119191911911113139119199921390113113
. 293, 293, 231-241.
1111192 154.
Lindvay Mikl6s 1109 XIII.
1111101 1991131· 1111011 I. 270, 292,
399, 313. ,
11111131Μ111103 1932190191 1111111931 10.
11310100993193211101111 1111311011 111.
1111113913 20.
119399921 2311111990 119031 1111111931
33, 64.
’1191919111 1131931311 13939393 150. ’ ’
110939 XXI·
11011992 1193211131 1111311011 2.
1199931Ρ1919111993 231.
1111093131 bibornok 170, 252.
Ι1111109311999991131191 0399203 61.
11911191 184. ’
119199091181.
Luzsinszky Joakim 131301 1111311011

Μ993191111119 131193 1011131 011300
187-189.

1113931191 1111311011 200, 207.

11391119113911092191 tihanyi 31131,
399111911111311011 217.

11199301 1139 l. Ujlaky 11111103.

1031190911 111191 3301111 1111111931 02.

Μ91319313 1111193 104.

Marazi l. Vagyas.

1113192311111113309191110131199 20, 21.

1113109991 1101131 legatus 142.

119119111101911 230.

Μ39119111 255, 203.

361

11911391Ρο191· 291111, 32910191 11113-
1131223.

Μ9111911110993 291.

113111991911 Μ31199 1193211131 1111311011
223, 233,-

Μ3333113233.

1113111931 13110911011 1111111931, 1193991
91101139303111133, 9339001, 13921
1111311011 110, 120, 120.

11131191 244.

Μ9211119244.

Μο119 Tere‘zia magyar 1111111190 Η
333-333, 341-330.

Μο1199 11311311. 13, 14, 210, 228,
234, 256, 257.

Μο10 9100111 1111311011 XIV. ’

Μο11191Α9131 09329131 1111311011 155.

Μί11103 1991191· 11113111. 41, 43—46,
53, 191, 133, 139,¹ 213, 239, 231,
Π.139, 131.

—- 1011919291 143.

109139319111191 veze‘r 298.

Μ919111 Β91012301 9339001 11031011
119.

Μ91111111311011 152.

Μ91110, 3 329111 101193 1913119110
13113, 9111131, ,1932119191110311011
ΧΠ, XIII.

0110011291111111131101111171. '

— 11311131, pannonhalmi 1031101
91, 93.

— 031991091131101 74.

11111232 273. .

1111133 p9p9 V. 39, 32-33, 211.

—- 10921 1111311011 11.

,- 193201 1111111931 0.’

-110931 91191110 1399119145.

- krak110i 0011011 33.

- pannonhalmi benoze‘s 01.

Miksa magyar 13110111. 103, 100,
212, 213, 213, 11. 130, 233.

11119911191933 93029131 19011931 124.

’111191 0911911 230.

Minci 177.

1190193 207.

Μ901931 1111310139111111. 124, 305.
Ρο311011 l. Simiolanovioh 101193.
46, 293, 291.

1091131990 244.

Μο11993 213, 230, 200.

Μ91019913291 210.

1199932101 101193 110931 1111311011 111. ’

Μ91119993311191 31131301 80.
Μ9111311911109111911 203.
Μ9111111311 104.

Μ91991 1110919911 102.

 

