XVIII Ι 0110101110

11011001 101011 1011011 1111011011101101110 01.])]11110101110
110110, 11011, 01111011 nem 1000 011111001 01101, 11011
00 01101100001010111 01101 1011010000011010011110100
111101 1101011000 101110110;101011110,11011011110110111
101011 01011000 11011110 kjr6lyi 11011111 10101101 110-
1010111 0111101 00111 001111 meg.

110100 1111011100 011000110101101110111100 1011000

· 1111101101( 01110101110001101 00 0001010001 10 11011111

1010 010110110111011100011; 00011101 -·- 1111100 01111101
1101001001 0111010110110001010101 13551101 1011011
-0110110 10101011000011 10110101011, 0 0 00010101
1101101 1110100011 01110 666k6zlend6 10101010011000 01101

11101001 110111 0111011. 2)
²1<

1101, 6 mit 1101100 ki16lynak 6 1101111111 101 110-
1011000001 1101101011 01101000 10110110100010 110111011-
ben 0100111011, 01010110001 01101100 100010101101010-
0011011 111

1459 1111110101 011101101100001101011 11110111
11111000011111 1111101 1111100 000000111οο 11011011 1011,
10111 1101100011011011101111( 11011001 101010011110101,
11011 00 01101111001101100101 11010 11001101101110000-
01110. 111100111101111111111, 11011Μο101, 1111101 1011011
1101011 01011 1111011101 0 000000111οο0001101100011, 00
01110111 1111011011001101 11011000101101011.3)

-u-——n-—n-——fl—

, 11111101101101111010111110111344
².)1355au 1-10011012610111 11011 10111100111100 1111010100 kAqt
11111111010110111011111011111111101111111110111111010011110001110 0001011
11110110101111001111100111100111001111 0011110100011110111
11111011 Ῠο111110111111 11101110 1001101101 0100010011111 0111111Ι 1
οαΕε1010011011181110111111ΙΧΙΙ371. Ι
ῘΠΙΙῖ)1Αο011100011110011100010 011101010100111110 0 Βο111110111 1101000101(

, 1011101111 101011010001.“

 

