666 y

B3r3n 16111699911919119193911911 919-
1191999 21.

3911191,1 1911911 91119191 1919691919,
lengyel kir31y 189, 268.

— 11119161 91119191 1919691919 968.

— Zsigmond erde‘lyi fejedelem 145,
166,166, 949, 999, 919, 276, 266,
999, 991.

3919111911191 209.

39911111 11191999 46, 53. ,

9999111, 41, 97, 111919, 199,

141, 199, 194, 199,191,111,119,
175μ177,180,183,195,215,
216, 221, 223, 241, 250, 252, 258,
272, 274, 278, 280, 283, 290, 303,
311, 313 310, 318, 327, 328,
Ι9,99 999, 949 999.

39991 999991161119111111119.·

-919911849, ·’
399.ΙΠ 1111919178. ¹

39191 9991999 85, 91.’ ¹

Belgium 231.

Belgr3d 187.

3911919111 9119961999 256, 257, 9604-
969. 31199611. 39911191111919.

. 3911911919 178.

39991191 XII. 1, 4 XIV. 336, 3.53

-991199111191191 11999199 61. “

91.3911911911199111911 7, 56, 60, 62,
65-63, ,,71 72, 75, 73, 80, 33, 34.

39911911 111119 361g1461, 1199111191
9119961261.

3911911919191 1111. 1999191191, 919-
199199911911 9199199178. ’

3911191 (1696919991 32, 33. ’

39111199 (191191 969. ’

316919919919199 334-336. ¹

31111191 piisp3k 906, 956, 280, 283.

. 3191911911 Gy3rgyknini piisp3k194.

3191191 advari 1911119999 337*

319991 311999 930.

¹*711111062361 s

Blumegen 9161, 343, 345, 646.

Bocskay 1911911 159, 269.

—- 11111169 91119191 piisp3k 72, 73.

’39110 11111169 919199199911911 919-
99193

3911111991 1119991991 p3sp3k 1’.5

39991991919 1991119191 9991 71.

39999191 391191) 19191191 9999911215.

39911991 VIII. 50, 214, 237, 277.·
= 0991191 919911139111111, 152, 154.

39111111 Α11191 XXI. 178, 187, 228-,
930, 989, 298, 299. .

391 ognai 119191 11619691 999132, 33.

391991919991 P31 11911191, 91119191

11991991115.

,161961 114, 119, 116,112, 999,
289, 991.

3999999 230.

3991919 206, 915, 217, 999, 930,
232, 233, 255, 266.

39919191 piisp3ks3g 155, 184, 215—-
217, 224, 226, 226, 999, 991994,
936, 240-942, 955--261, 263,
305, 347. 1119961611 «1. 39199119

. Tama, 39911911 11919, Ergelios-

· 3919991, 3919991 191199, 191199,
1161111111, Μ911911911 Μ91199, 11911191
1111191, 3911911191, 619911911911139-
191191,Τ9199111191199,0,19119119-
jos 201, 205.

3911199 (Η999199191) 191199 viu-adi
1199911911,9111999191191 38.

- 39191 38.

3911911 herczeg 194- 198.

319991991 11919199 347.

31911999 191199 1999119991 helyn3k
343— 343.

3199119 bibornok, 99111991 91199611
1919111 pr3p363, 9 1991919191 ,1119-
p3kse'g 9111919191 191919 15, 22.

Brandenburge, 8.

3199991 119191 11911191, 9199991919-
pos3 XVIH—XXIII 306. ⁴
Bricki Istv3n 99991· pap, 9191199-
191911911919999193. ” .

3111919191 (0911919191) 191999 9999111191
6111999991, 1199919199991 13. ’

911111 xv. 9, 42, 44, 94, 99,,99,
68, 69, 73, 74, 76-78, 86, 91,
99, 111, 119, 911, 991.

3111191 91999911. 39999911 2919199911

3111191911 9199991993 38.

39691999199911991 pleb311061. 3911119
11111169.

3999999111 99191 198. ”

.- ’ 39199119 217 255 ι’
’ Bull3sok9.

3119111191 119991 nuntius 278, 281-
9121119919 99 119·
31911119 9111911991 934. ’

09999994911199191191 piisp3k XVI.
Canterbury 3rsek 271. ,
, 0999199191 391 1991919919111919991

1119999199 42.

0919119 5199111911 137, 263.
09199199 Pombal 31g73f 334-338.
09999119 311169 235. .

0999119119 197.

 

